0;E;2;10;10;2016;16;37;40;20;110
1;E;2;10;10;2016;16;37;41;1;110
2;E;2;10;10;2016;16;37;41;42;77
3;E;2;10;10;2016;16;37;41;51;0
4;E;2;10;10;2016;16;37;44;22;9
5;E;2;10;10;2016;16;37;44;26;3
6;E;2;10;10;2016;16;37;44;23;68
7;E;2;10;10;2016;16;37;44;24;4
8;E;2;10;10;2016;16;37;44;25;2
9;E;2;10;10;2016;16;37;44;36;22
10;E;2;10;10;2016;16;37;45;34;0
11;E;2;10;10;2016;16;42;43;34;0
12;E;2;10;10;2016;16;47;43;34;0
13;E;2;10;10;2016;16;52;40;31;0
14;E;2;10;10;2016;16;52;40;27;0
15;E;2;10;10;2016;16;52;40;2;0
16;E;2;10;10;2016;16;52;40;42;0
17;E;2;10;10;2016;16;52;41;1;110
18;E;2;10;10;2016;16;52;41;42;77
19;E;2;10;10;2016;16;52;41;51;0
20;E;2;10;10;2016;16;52;43;34;0
21;E;2;10;10;2016;16;57;45;34;0
22;E;2;10;10;2016;17;02;45;34;0
23;E;2;10;10;2016;17;07;40;31;0
24;E;2;10;10;2016;17;07;40;27;0
25;E;2;10;10;2016;17;07;40;2;0
26;E;2;10;10;2016;17;07;40;42;0
27;E;2;10;10;2016;17;07;41;1;110
28;E;2;10;10;2016;17;07;41;42;77
29;E;2;10;10;2016;17;07;41;51;0
30;E;2;10;10;2016;17;07;47;34;0
31;E;2;10;10;2016;17;12;47;34;0
32;E;2;10;10;2016;17;17;49;34;0
33;E;2;10;10;2016;17;22;40;31;0
34;E;2;10;10;2016;17;22;40;27;0
35;E;2;10;10;2016;17;22;40;2;0
36;E;2;10;10;2016;17;22;40;42;0
37;E;2;10;10;2016;17;22;41;1;110
38;E;2;10;10;2016;17;22;41;42;77
39;E;2;10;10;2016;17;22;41;51;0
40;E;2;10;10;2016;17;22;49;34;0
41;E;2;10;10;2016;17;37;40;31;0
42;E;2;10;10;2016;17;37;40;27;0
43;E;2;10;10;2016;17;37;40;31;0
44;E;2;10;10;2016;17;37;40;8;0
45;E;2;10;10;2016;17;38;49;20;110
46;E;2;10;10;2016;17;38;50;1;110
47;E;2;10;10;2016;17;38;50;42;77
48;E;2;10;10;2016;17;38;50;51;0
49;E;2;10;10;2016;17;53;49;31;0
50;E;2;10;10;2016;17;53;49;27;0
51;E;2;10;10;2016;17;53;49;2;0
52;E;2;10;10;2016;17;53;49;42;0
53;E;2;10;10;2016;17;53;50;1;110
54;E;2;10;10;2016;17;53;50;42;77
55;E;2;10;10;2016;17;53;50;51;0
56;E;2;10;10;2016;18;08;49;31;0
57;E;2;10;10;2016;18;08;49;27;0
58;E;2;10;10;2016;18;08;49;2;0
59;E;2;10;10;2016;18;08;49;42;0
60;E;2;10;10;2016;18;08;50;1;110
61;E;2;10;10;2016;18;08;50;42;77
62;E;2;10;10;2016;18;08;50;51;0
63;E;2;10;10;2016;18;23;49;31;0
64;E;2;10;10;2016;18;23;49;27;0
65;E;2;10;10;2016;18;23;49;2;0
66;E;2;10;10;2016;18;23;49;42;0
67;E;2;10;10;2016;18;23;50;1;110
68;E;2;10;10;2016;18;23;50;42;77
69;E;2;10;10;2016;18;23;50;51;0
70;E;2;10;10;2016;18;38;49;31;0
71;E;2;10;10;2016;18;38;49;27;0
72;E;2;10;10;2016;18;38;49;31;0
73;E;2;10;10;2016;18;38;49;8;0
74;E;2;10;10;2016;18;39;56;20;110
75;E;2;10;10;2016;18;39;57;1;110
76;E;2;10;10;2016;18;39;57;42;77
77;E;2;10;10;2016;18;39;57;51;0
78;E;2;10;10;2016;18;54;56;31;0
79;E;2;10;10;2016;18;54;56;27;0
80;E;2;10;10;2016;18;54;56;2;0
81;E;2;10;10;2016;18;54;56;42;0
82;E;2;10;10;2016;18;54;57;1;110
83;E;2;10;10;2016;18;54;57;42;77
84;E;2;10;10;2016;18;54;57;51;0
85;E;2;10;10;2016;19;09;56;31;0
86;E;2;10;10;2016;19;09;56;27;0
87;E;2;10;10;2016;19;09;56;2;0
88;E;2;10;10;2016;19;09;56;42;0
89;E;2;10;10;2016;19;09;57;1;110
90;E;2;10;10;2016;19;09;57;42;77
91;E;2;10;10;2016;19;09;57;51;0
92;E;2;10;10;2016;19;24;56;31;0
93;E;2;10;10;2016;19;24;56;27;0
94;E;2;10;10;2016;19;24;56;2;0
95;E;2;10;10;2016;19;24;56;42;0
96;E;2;10;10;2016;19;24;57;1;110
97;E;2;10;10;2016;19;24;57;42;77
98;E;2;10;10;2016;19;24;57;51;0
99;E;2;10;10;2016;19;39;56;31;0
100;E;2;10;10;2016;19;39;56;27;0
101;E;2;10;10;2016;19;39;56;31;0
102;E;2;10;10;2016;19;39;56;8;0
103;E;2;10;10;2016;19;41;03;20;110
104;E;2;10;10;2016;19;41;03;1;110
105;E;2;10;10;2016;19;41;03;42;77
106;E;2;10;10;2016;19;41;03;51;0
107;E;2;10;10;2016;19;56;02;31;0
108;E;2;10;10;2016;19;56;02;27;0
109;E;2;10;10;2016;19;56;02;2;0
110;E;2;10;10;2016;19;56;02;42;0
111;E;2;10;10;2016;19;56;03;1;110
112;E;2;10;10;2016;19;56;03;42;77
113;E;2;10;10;2016;19;56;03;51;0
114;E;2;10;10;2016;20;11;02;31;0
115;E;2;10;10;2016;20;11;02;27;0
116;E;2;10;10;2016;20;11;02;2;0
117;E;2;10;10;2016;20;11;02;42;0
118;E;2;10;10;2016;20;11;03;1;110
119;E;2;10;10;2016;20;11;03;42;77
120;E;2;10;10;2016;20;11;03;51;0
121;E;2;10;10;2016;20;26;02;31;0
122;E;2;10;10;2016;20;26;02;27;0
123;E;2;10;10;2016;20;26;02;2;0
124;E;2;10;10;2016;20;26;02;42;0
125;E;2;10;10;2016;20;26;03;1;110
126;E;2;10;10;2016;20;26;03;42;77
127;E;2;10;10;2016;20;26;03;51;0
128;E;2;10;10;2016;20;41;02;31;0
129;E;2;10;10;2016;20;41;02;27;0
130;E;2;10;10;2016;20;41;02;31;0
131;E;2;10;10;2016;20;41;02;8;0
132;E;2;10;10;2016;20;42;13;20;110
133;E;2;10;10;2016;20;42;14;1;110
134;E;2;10;10;2016;20;42;14;42;77
135;E;2;10;10;2016;20;42;14;51;0
136;E;2;10;10;2016;20;57;12;31;0
137;E;2;10;10;2016;20;57;12;27;0
138;E;2;10;10;2016;20;57;12;2;0
139;E;2;10;10;2016;20;57;12;42;0
140;E;2;10;10;2016;20;57;13;1;110
141;E;2;10;10;2016;20;57;13;42;77
142;E;2;10;10;2016;20;57;13;51;0
143;E;2;10;10;2016;21;12;12;31;0
144;E;2;10;10;2016;21;12;12;27;0
145;E;2;10;10;2016;21;12;12;2;0
146;E;2;10;10;2016;21;12;12;42;0
147;E;2;10;10;2016;21;12;13;1;110
148;E;2;10;10;2016;21;12;13;42;77
149;E;2;10;10;2016;21;12;13;51;0
150;E;2;10;10;2016;21;27;12;31;0
151;E;2;10;10;2016;21;27;12;27;0
152;E;2;10;10;2016;21;27;12;2;0
153;E;2;10;10;2016;21;27;12;42;0
154;E;2;10;10;2016;21;27;13;1;110
155;E;2;10;10;2016;21;27;13;42;77
156;E;2;10;10;2016;21;27;13;51;0
157;E;2;10;10;2016;21;42;12;31;0
158;E;2;10;10;2016;21;42;12;27;0
159;E;2;10;10;2016;21;42;12;31;0
160;E;2;10;10;2016;21;42;12;8;0
161;E;2;10;10;2016;21;43;15;20;110
162;E;2;10;10;2016;21;43;16;1;110
163;E;2;10;10;2016;21;43;16;42;77
164;E;2;10;10;2016;21;43;16;51;0
165;E;2;10;10;2016;21;58;15;31;0
166;E;2;10;10;2016;21;58;15;27;0
167;E;2;10;10;2016;21;58;15;2;0
168;E;2;10;10;2016;21;58;15;42;0
169;E;2;10;10;2016;21;58;16;1;110
170;E;2;10;10;2016;21;58;16;42;77
171;E;2;10;10;2016;21;58;16;51;0
172;E;2;10;10;2016;22;13;15;31;0
173;E;2;10;10;2016;22;13;15;27;0
174;E;2;10;10;2016;22;13;15;2;0
175;E;2;10;10;2016;22;13;15;42;0
176;E;2;10;10;2016;22;13;16;1;110
177;E;2;10;10;2016;22;13;16;42;77
178;E;2;10;10;2016;22;13;16;51;0
179;E;2;10;10;2016;22;28;15;31;0
180;E;2;10;10;2016;22;28;15;27;0
181;E;2;10;10;2016;22;28;15;2;0
182;E;2;10;10;2016;22;28;15;42;0
183;E;2;10;10;2016;22;28;16;1;110
184;E;2;10;10;2016;22;28;16;42;77
185;E;2;10;10;2016;22;28;16;51;0
186;E;2;10;10;2016;22;43;15;31;0
187;E;2;10;10;2016;22;43;15;27;0
188;E;2;10;10;2016;22;43;15;31;0
189;E;2;10;10;2016;22;43;15;8;0
190;E;2;10;10;2016;22;44;26;20;110
191;E;2;10;10;2016;22;44;27;1;110
192;E;2;10;10;2016;22;44;27;42;77
193;E;2;10;10;2016;22;44;27;51;0
194;E;2;10;10;2016;22;59;26;31;0
195;E;2;10;10;2016;22;59;26;27;0
196;E;2;10;10;2016;22;59;26;2;0
197;E;2;10;10;2016;22;59;26;42;0
198;E;2;10;10;2016;22;59;27;1;110
199;E;2;10;10;2016;22;59;27;42;77
200;E;2;10;10;2016;22;59;27;51;0
201;E;2;10;10;2016;23;14;26;31;0
202;E;2;10;10;2016;23;14;26;27;0
203;E;2;10;10;2016;23;14;26;2;0
204;E;2;10;10;2016;23;14;26;42;0
205;E;2;10;10;2016;23;14;27;1;110
206;E;2;10;10;2016;23;14;27;42;77
207;E;2;10;10;2016;23;14;27;51;0
208;E;2;10;10;2016;23;29;26;31;0
209;E;2;10;10;2016;23;29;26;27;0
210;E;2;10;10;2016;23;29;26;2;0
211;E;2;10;10;2016;23;29;26;42;0
212;E;2;10;10;2016;23;29;27;1;110
213;E;2;10;10;2016;23;29;27;42;77
214;E;2;10;10;2016;23;29;27;51;0
215;E;2;10;10;2016;23;44;26;31;0
216;E;2;10;10;2016;23;44;26;27;0
217;E;2;10;10;2016;23;44;26;31;0
218;E;2;10;10;2016;23;44;26;8;0
219;E;2;10;10;2016;23;45;35;20;110
220;E;2;10;10;2016;23;45;36;1;110
221;E;2;10;10;2016;23;45;36;42;77
222;E;2;10;10;2016;23;45;36;51;0
223;E;2;11;10;2016;00;00;35;31;0
224;E;2;11;10;2016;00;00;35;27;0
225;E;2;11;10;2016;00;00;35;2;0
226;E;2;11;10;2016;00;00;35;42;0
227;E;2;11;10;2016;00;00;36;1;110
228;E;2;11;10;2016;00;00;36;42;77
229;E;2;11;10;2016;00;00;36;51;0
230;E;2;11;10;2016;00;15;35;31;0
231;E;2;11;10;2016;00;15;35;27;0
232;E;2;11;10;2016;00;15;35;2;0
233;E;2;11;10;2016;00;15;35;42;0
234;E;2;11;10;2016;00;15;36;1;110
235;E;2;11;10;2016;00;15;36;42;77
236;E;2;11;10;2016;00;15;36;51;0
237;E;2;11;10;2016;00;30;35;31;0
238;E;2;11;10;2016;00;30;35;27;0
239;E;2;11;10;2016;00;30;35;2;0
240;E;2;11;10;2016;00;30;35;42;0
241;E;2;11;10;2016;00;30;36;1;110
242;E;2;11;10;2016;00;30;36;42;77
243;E;2;11;10;2016;00;30;36;51;0
244;E;2;11;10;2016;00;45;35;31;0
245;E;2;11;10;2016;00;45;35;27;0
246;E;2;11;10;2016;00;45;35;31;0
247;E;2;11;10;2016;00;45;35;8;0
248;E;2;11;10;2016;00;46;51;20;110
249;E;2;11;10;2016;00;46;52;1;110
250;E;2;11;10;2016;00;46;52;42;77
251;E;2;11;10;2016;00;46;52;51;0
252;E;2;11;10;2016;01;01;51;31;0
253;E;2;11;10;2016;01;01;51;27;0
254;E;2;11;10;2016;01;01;51;2;0
255;E;2;11;10;2016;01;01;51;42;0
256;E;2;11;10;2016;01;01;52;1;110
257;E;2;11;10;2016;01;01;52;42;77
258;E;2;11;10;2016;01;01;52;51;0
259;E;2;11;10;2016;01;16;51;31;0
260;E;2;11;10;2016;01;16;51;27;0
261;E;2;11;10;2016;01;16;51;2;0
262;E;2;11;10;2016;01;16;51;42;0
263;E;2;11;10;2016;01;16;52;1;110
264;E;2;11;10;2016;01;16;52;42;77
265;E;2;11;10;2016;01;16;52;51;0
266;E;2;11;10;2016;01;31;51;31;0
267;E;2;11;10;2016;01;31;51;27;0
268;E;2;11;10;2016;01;31;51;2;0
269;E;2;11;10;2016;01;31;51;42;0
270;E;2;11;10;2016;01;31;52;1;110
271;E;2;11;10;2016;01;31;52;42;77
272;E;2;11;10;2016;01;31;52;51;0
273;E;2;11;10;2016;01;46;51;31;0
274;E;2;11;10;2016;01;46;51;27;0
275;E;2;11;10;2016;01;46;51;31;0
276;E;2;11;10;2016;01;46;51;8;0
277;E;2;11;10;2016;01;47;49;20;110
278;E;2;11;10;2016;01;47;50;1;110
279;E;2;11;10;2016;01;47;50;42;77
280;E;2;11;10;2016;01;47;50;51;0
281;E;2;11;10;2016;02;02;49;31;0
282;E;2;11;10;2016;02;02;49;27;0
283;E;2;11;10;2016;02;02;49;2;0
284;E;2;11;10;2016;02;02;49;42;0
285;E;2;11;10;2016;02;02;50;1;110
286;E;2;11;10;2016;02;02;50;42;77
287;E;2;11;10;2016;02;02;50;51;0
288;E;2;11;10;2016;02;17;49;31;0
289;E;2;11;10;2016;02;17;49;27;0
290;E;2;11;10;2016;02;17;49;2;0
291;E;2;11;10;2016;02;17;49;42;0
292;E;2;11;10;2016;02;17;50;1;110
293;E;2;11;10;2016;02;17;50;42;77
294;E;2;11;10;2016;02;17;50;51;0
295;E;2;11;10;2016;02;32;49;31;0
296;E;2;11;10;2016;02;32;49;27;0
297;E;2;11;10;2016;02;32;49;2;0
298;E;2;11;10;2016;02;32;49;42;0
299;E;2;11;10;2016;02;32;50;1;110
300;E;2;11;10;2016;02;32;50;42;77
301;E;2;11;10;2016;02;32;50;51;0
302;E;2;11;10;2016;02;47;49;31;0
303;E;2;11;10;2016;02;47;49;27;0
304;E;2;11;10;2016;02;47;49;31;0
305;E;2;11;10;2016;02;47;49;8;0
306;E;2;11;10;2016;02;48;53;20;110
307;E;2;11;10;2016;02;48;54;1;110
308;E;2;11;10;2016;02;48;54;42;77
309;E;2;11;10;2016;02;48;54;51;0
310;E;2;11;10;2016;03;03;52;31;0
311;E;2;11;10;2016;03;03;52;27;0
312;E;2;11;10;2016;03;03;52;2;0
313;E;2;11;10;2016;03;03;52;42;0
314;E;2;11;10;2016;03;03;53;1;110
315;E;2;11;10;2016;03;03;53;42;77
316;E;2;11;10;2016;03;03;53;51;0
317;E;2;11;10;2016;03;18;52;31;0
318;E;2;11;10;2016;03;18;52;27;0
319;E;2;11;10;2016;03;18;52;2;0
320;E;2;11;10;2016;03;18;52;42;0
321;E;2;11;10;2016;03;18;53;1;110
322;E;2;11;10;2016;03;18;53;42;77
323;E;2;11;10;2016;03;18;53;51;0
324;E;2;11;10;2016;03;33;52;31;0
325;E;2;11;10;2016;03;33;52;27;0
326;E;2;11;10;2016;03;33;52;2;0
327;E;2;11;10;2016;03;33;52;42;0
328;E;2;11;10;2016;03;33;53;1;110
329;E;2;11;10;2016;03;33;53;42;77
330;E;2;11;10;2016;03;33;53;51;0
331;E;2;11;10;2016;03;48;52;31;0
332;E;2;11;10;2016;03;48;52;27;0
333;E;2;11;10;2016;03;48;52;31;0
334;E;2;11;10;2016;03;48;52;8;0
335;E;2;11;10;2016;03;49;59;20;110
336;E;2;11;10;2016;03;50;00;1;110
337;E;2;11;10;2016;03;50;00;42;77
338;E;2;11;10;2016;03;50;00;51;0
339;E;2;11;10;2016;04;04;59;31;0
340;E;2;11;10;2016;04;04;59;27;0
341;E;2;11;10;2016;04;04;59;2;0
342;E;2;11;10;2016;04;04;59;42;0
343;E;2;11;10;2016;04;05;00;1;110
344;E;2;11;10;2016;04;05;00;42;77
345;E;2;11;10;2016;04;05;00;51;0
346;E;2;11;10;2016;04;19;59;31;0
347;E;2;11;10;2016;04;19;59;27;0
348;E;2;11;10;2016;04;19;59;2;0
349;E;2;11;10;2016;04;19;59;42;0
350;E;2;11;10;2016;04;20;00;1;110
351;E;2;11;10;2016;04;20;00;42;77
352;E;2;11;10;2016;04;20;00;51;0
353;E;2;11;10;2016;04;34;59;31;0
354;E;2;11;10;2016;04;34;59;27;0
355;E;2;11;10;2016;04;34;59;2;0
356;E;2;11;10;2016;04;34;59;42;0
357;E;2;11;10;2016;04;35;00;1;110
358;E;2;11;10;2016;04;35;00;42;77
359;E;2;11;10;2016;04;35;00;51;0
360;E;2;11;10;2016;04;49;59;31;0
361;E;2;11;10;2016;04;49;59;27;0
362;E;2;11;10;2016;04;49;59;31;0
363;E;2;11;10;2016;04;49;59;8;0
364;E;2;11;10;2016;04;51;03;20;110
365;E;2;11;10;2016;04;51;03;1;110
366;E;2;11;10;2016;04;51;03;42;77
367;E;2;11;10;2016;04;51;04;51;0
368;E;2;11;10;2016;05;06;02;31;0
369;E;2;11;10;2016;05;06;02;27;0
370;E;2;11;10;2016;05;06;02;2;0
371;E;2;11;10;2016;05;06;02;42;0
372;E;2;11;10;2016;05;06;03;1;110
373;E;2;11;10;2016;05;06;03;42;77
374;E;2;11;10;2016;05;06;03;51;0
375;E;2;11;10;2016;05;21;02;31;0
376;E;2;11;10;2016;05;21;02;27;0
377;E;2;11;10;2016;05;21;02;2;0
378;E;2;11;10;2016;05;21;02;42;0
379;E;2;11;10;2016;05;21;03;1;110
380;E;2;11;10;2016;05;21;03;42;77
381;E;2;11;10;2016;05;21;03;51;0
382;E;2;11;10;2016;05;36;02;31;0
383;E;2;11;10;2016;05;36;02;27;0
384;E;2;11;10;2016;05;36;02;2;0
385;E;2;11;10;2016;05;36;02;42;0
386;E;2;11;10;2016;05;36;03;1;110
387;E;2;11;10;2016;05;36;03;42;77
388;E;2;11;10;2016;05;36;03;51;0
389;E;2;11;10;2016;05;51;02;31;0
390;E;2;11;10;2016;05;51;02;27;0
391;E;2;11;10;2016;05;51;02;31;0
392;E;2;11;10;2016;05;51;02;8;0
393;E;2;11;10;2016;05;52;12;20;110
394;E;2;11;10;2016;05;52;13;1;110
395;E;2;11;10;2016;05;52;13;42;77
396;E;2;11;10;2016;05;52;13;51;0
397;E;2;11;10;2016;06;07;12;31;0
398;E;2;11;10;2016;06;07;12;27;0
399;E;2;11;10;2016;06;07;12;2;0
400;E;2;11;10;2016;06;07;12;42;0
401;E;2;11;10;2016;06;07;13;1;110
402;E;2;11;10;2016;06;07;13;42;77
403;E;2;11;10;2016;06;07;13;51;0
404;E;2;11;10;2016;06;22;12;31;0
405;E;2;11;10;2016;06;22;12;27;0
406;E;2;11;10;2016;06;22;12;2;0
407;E;2;11;10;2016;06;22;12;42;0
408;E;2;11;10;2016;06;22;13;1;110
409;E;2;11;10;2016;06;22;13;42;77
410;E;2;11;10;2016;06;22;13;51;0
411;E;2;11;10;2016;06;37;12;31;0
412;E;2;11;10;2016;06;37;12;27;0
413;E;2;11;10;2016;06;37;12;2;0
414;E;2;11;10;2016;06;37;12;42;0
415;E;2;11;10;2016;06;37;13;1;110
416;E;2;11;10;2016;06;37;13;42;77
417;E;2;11;10;2016;06;37;13;51;0
418;E;2;11;10;2016;06;52;12;31;0
419;E;2;11;10;2016;06;52;12;27;0
420;E;2;11;10;2016;06;52;12;31;0
421;E;2;11;10;2016;06;52;12;8;0
422;E;2;11;10;2016;06;53;31;20;110
423;E;2;11;10;2016;06;53;32;1;110
424;E;2;11;10;2016;06;53;32;42;77
425;E;2;11;10;2016;06;53;32;51;0
426;E;2;11;10;2016;07;08;31;31;0
427;E;2;11;10;2016;07;08;31;27;0
428;E;2;11;10;2016;07;08;31;2;0
429;E;2;11;10;2016;07;08;31;42;0
430;E;2;11;10;2016;07;08;32;1;110
431;E;2;11;10;2016;07;08;32;42;77
432;E;2;11;10;2016;07;08;32;51;0
433;E;2;11;10;2016;07;23;31;31;0
434;E;2;11;10;2016;07;23;31;27;0
435;E;2;11;10;2016;07;23;31;2;0
436;E;2;11;10;2016;07;23;31;42;0
437;E;2;11;10;2016;07;23;32;1;110
438;E;2;11;10;2016;07;23;32;42;77
439;E;2;11;10;2016;07;23;32;51;0
440;E;2;11;10;2016;07;38;31;31;0
441;E;2;11;10;2016;07;38;31;27;0
442;E;2;11;10;2016;07;38;31;2;0
443;E;2;11;10;2016;07;38;31;42;0
444;E;2;11;10;2016;07;38;32;1;110
445;E;2;11;10;2016;07;38;32;42;77
446;E;2;11;10;2016;07;38;32;51;0
447;E;2;11;10;2016;07;53;31;31;0
448;E;2;11;10;2016;07;53;31;27;0
449;E;2;11;10;2016;07;53;31;31;0
450;E;2;11;10;2016;07;53;31;8;0
451;E;2;11;10;2016;07;54;46;20;110
452;E;2;11;10;2016;07;54;47;1;110
453;E;2;11;10;2016;07;54;47;42;77
454;E;2;11;10;2016;07;54;47;51;0
455;E;2;11;10;2016;08;09;46;31;0
456;E;2;11;10;2016;08;09;46;27;0
457;E;2;11;10;2016;08;09;46;2;0
458;E;2;11;10;2016;08;09;46;42;0
459;E;2;11;10;2016;08;09;47;1;110
460;E;2;11;10;2016;08;09;47;42;77
461;E;2;11;10;2016;08;09;47;51;0
462;E;2;11;10;2016;08;24;46;31;0
463;E;2;11;10;2016;08;24;46;27;0
464;E;2;11;10;2016;08;24;46;2;0
465;E;2;11;10;2016;08;24;46;42;0
466;E;2;11;10;2016;08;24;47;1;110
467;E;2;11;10;2016;08;24;47;42;77
468;E;2;11;10;2016;08;24;47;51;0
469;E;2;11;10;2016;08;36;37;34;0
470;E;2;11;10;2016;08;36;38;34;0
471;E;2;11;10;2016;08;39;46;31;0
472;E;2;11;10;2016;08;39;46;27;0
473;E;2;11;10;2016;08;39;46;2;0
474;E;2;11;10;2016;08;39;46;42;0
475;E;2;11;10;2016;08;39;47;1;110
476;E;2;11;10;2016;08;39;47;42;77
477;E;2;11;10;2016;08;39;47;51;0
478;E;2;11;10;2016;08;41;11;34;0
479;E;2;11;10;2016;08;46;10;34;0
480;E;2;11;10;2016;08;51;12;34;0
481;E;2;11;10;2016;08;54;46;31;0
482;E;2;11;10;2016;08;54;46;27;0
483;E;2;11;10;2016;08;54;46;31;0
484;E;2;11;10;2016;08;54;46;8;0
485;E;2;11;10;2016;08;55;57;20;110
486;E;2;11;10;2016;08;55;57;1;110
487;E;2;11;10;2016;08;55;57;42;77
488;E;2;11;10;2016;08;55;58;51;0
489;E;2;11;10;2016;08;56;00;34;0
490;E;2;11;10;2016;09;01;00;34;0
491;E;2;11;10;2016;09;06;00;34;0
492;E;2;11;10;2016;09;10;56;31;0
493;E;2;11;10;2016;09;10;56;27;0
494;E;2;11;10;2016;09;10;56;2;0
495;E;2;11;10;2016;09;10;56;42;0
496;E;2;11;10;2016;09;10;57;1;110
497;E;2;11;10;2016;09;10;57;42;77
498;E;2;11;10;2016;09;10;57;51;0
499;E;2;11;10;2016;09;11;00;34;0
500;E;2;11;10;2016;09;16;02;34;0
501;E;2;11;10;2016;09;21;02;34;0
502;E;2;11;10;2016;09;25;56;31;0
503;E;2;11;10;2016;09;25;56;27;0
504;E;2;11;10;2016;09;25;56;2;0
505;E;2;11;10;2016;09;25;56;42;0
506;E;2;11;10;2016;09;25;57;1;110
507;E;2;11;10;2016;09;25;57;42;77
508;E;2;11;10;2016;09;25;57;51;0
509;E;2;11;10;2016;09;26;03;34;0
510;E;2;11;10;2016;09;31;05;34;0
511;E;2;11;10;2016;09;36;05;34;0
512;E;2;11;10;2016;09;40;56;31;0
513;E;2;11;10;2016;09;40;56;27;0
514;E;2;11;10;2016;09;40;56;2;0
515;E;2;11;10;2016;09;40;56;42;0
516;E;2;11;10;2016;09;40;57;1;110
517;E;2;11;10;2016;09;40;57;42;77
518;E;2;11;10;2016;09;40;57;51;0
519;E;2;11;10;2016;09;41;07;34;0
520;E;2;11;10;2016;09;55;56;31;0
521;E;2;11;10;2016;09;55;56;27;0
522;E;2;11;10;2016;09;55;56;31;0
523;E;2;11;10;2016;09;55;56;8;0
524;E;2;11;10;2016;09;57;10;20;110
525;E;2;11;10;2016;09;57;11;1;110
526;E;2;11;10;2016;09;57;11;42;77
527;E;2;11;10;2016;09;57;11;51;0
528;E;2;11;10;2016;09;57;14;34;0
529;E;2;11;10;2016;10;02;13;34;0
530;E;2;11;10;2016;10;07;12;34;0
531;E;2;11;10;2016;10;12;10;31;0
532;E;2;11;10;2016;10;12;10;27;0
533;E;2;11;10;2016;10;12;10;2;0
534;E;2;11;10;2016;10;12;10;42;0
535;E;2;11;10;2016;10;12;11;1;110
536;E;2;11;10;2016;10;12;11;42;77
537;E;2;11;10;2016;10;12;11;51;0
538;E;2;11;10;2016;10;12;14;34;0
539;E;2;11;10;2016;10;17;14;34;0
540;E;2;11;10;2016;10;22;16;34;0
541;E;2;11;10;2016;10;27;10;31;0
542;E;2;11;10;2016;10;27;10;27;0
543;E;2;11;10;2016;10;27;10;2;0
544;E;2;11;10;2016;10;27;10;42;0
545;E;2;11;10;2016;10;27;11;1;110
546;E;2;11;10;2016;10;27;11;42;77
547;E;2;11;10;2016;10;27;11;51;0
548;E;2;11;10;2016;10;27;16;34;0
549;E;2;11;10;2016;10;32;18;34;0
550;E;2;11;10;2016;10;37;18;34;0
551;E;2;11;10;2016;10;42;10;31;0
552;E;2;11;10;2016;10;42;10;27;0
553;E;2;11;10;2016;10;42;10;2;0
554;E;2;11;10;2016;10;42;10;42;0
555;E;2;11;10;2016;10;42;11;1;110
556;E;2;11;10;2016;10;42;11;42;77
557;E;2;11;10;2016;10;42;11;51;0
558;E;2;11;10;2016;10;42;20;34;0
559;E;2;11;10;2016;10;47;20;34;0
560;E;2;11;10;2016;10;52;22;34;0
561;E;2;11;10;2016;10;57;10;31;0
562;E;2;11;10;2016;10;57;10;27;0
563;E;2;11;10;2016;10;57;10;31;0
564;E;2;11;10;2016;10;57;10;8;0
565;E;2;11;10;2016;10;58;18;20;110
566;E;2;11;10;2016;10;58;19;1;110
567;E;2;11;10;2016;10;58;19;42;77
568;E;2;11;10;2016;10;58;19;51;0
569;E;2;11;10;2016;10;58;21;34;0
570;E;2;11;10;2016;11;00;13;21;0
571;E;2;11;10;2016;11;00;16;20;110
572;E;2;11;10;2016;11;00;16;2;0
573;E;2;11;10;2016;11;00;16;42;0
574;E;2;11;10;2016;11;00;20;1;110
575;E;2;11;10;2016;11;00;20;42;77
576;E;2;11;10;2016;11;00;22;34;0
577;E;2;11;10;2016;11;00;22;51;0
578;E;2;11;10;2016;11;03;37;22;9
579;E;2;11;10;2016;11;05;18;34;0
580;E;2;11;10;2016;11;10;18;34;0
581;E;2;11;10;2016;11;15;16;31;0
582;E;2;11;10;2016;11;15;16;27;0
583;E;2;11;10;2016;11;15;16;2;0
584;E;2;11;10;2016;11;15;16;42;0
585;E;2;11;10;2016;11;15;17;1;110
586;E;2;11;10;2016;11;15;17;42;77
587;E;2;11;10;2016;11;15;17;51;0
588;E;2;11;10;2016;11;15;20;34;0
589;E;2;11;10;2016;11;20;21;34;0
590;E;2;11;10;2016;11;25;21;34;0
591;E;2;11;10;2016;11;30;16;31;0
592;E;2;11;10;2016;11;30;16;27;0
593;E;2;11;10;2016;11;30;16;2;0
594;E;2;11;10;2016;11;30;16;42;0
595;E;2;11;10;2016;11;30;17;1;110
596;E;2;11;10;2016;11;30;17;42;77
597;E;2;11;10;2016;11;30;17;51;0
598;E;2;11;10;2016;11;30;23;34;0
599;E;2;11;10;2016;11;35;23;34;0
600;E;2;11;10;2016;11;40;25;34;0
601;E;2;11;10;2016;11;45;16;31;0
602;E;2;11;10;2016;11;45;16;27;0
603;E;2;11;10;2016;11;45;16;2;0
604;E;2;11;10;2016;11;45;16;42;0
605;E;2;11;10;2016;11;45;17;1;110
606;E;2;11;10;2016;11;45;17;42;77
607;E;2;11;10;2016;11;45;17;51;0
608;E;2;11;10;2016;11;45;25;34;0
609;E;2;11;10;2016;11;50;27;34;0
610;E;2;11;10;2016;12;00;16;31;0
611;E;2;11;10;2016;12;00;16;27;0
612;E;2;11;10;2016;12;00;16;31;0
613;E;2;11;10;2016;12;00;16;8;0
614;E;2;11;10;2016;12;01;25;20;110
615;E;2;11;10;2016;12;01;25;1;110
616;E;2;11;10;2016;12;01;25;42;77
617;E;2;11;10;2016;12;01;25;51;0
618;E;2;11;10;2016;12;16;24;31;0
619;E;2;11;10;2016;12;16;24;27;0
620;E;2;11;10;2016;12;16;24;2;0
621;E;2;11;10;2016;12;16;24;42;0
622;E;2;11;10;2016;12;16;25;1;110
623;E;2;11;10;2016;12;16;25;42;77
624;E;2;11;10;2016;12;16;25;51;0
625;E;2;11;10;2016;12;31;24;31;0
626;E;2;11;10;2016;12;31;24;27;0
627;E;2;11;10;2016;12;31;24;2;0
628;E;2;11;10;2016;12;31;24;42;0
629;E;2;11;10;2016;12;31;25;1;110
630;E;2;11;10;2016;12;31;25;42;77
631;E;2;11;10;2016;12;31;25;51;0
632;E;2;11;10;2016;12;46;24;31;0
633;E;2;11;10;2016;12;46;24;27;0
634;E;2;11;10;2016;12;46;24;2;0
635;E;2;11;10;2016;12;46;24;42;0
636;E;2;11;10;2016;12;46;25;1;110
637;E;2;11;10;2016;12;46;25;42;77
638;E;2;11;10;2016;12;46;25;51;0
639;E;2;11;10;2016;13;01;24;31;0
640;E;2;11;10;2016;13;01;24;27;0
641;E;2;11;10;2016;13;01;24;31;0
642;E;2;11;10;2016;13;01;24;8;0
643;E;2;11;10;2016;13;02;35;20;110
644;E;2;11;10;2016;13;02;35;1;110
645;E;2;11;10;2016;13;02;35;42;77
646;E;2;11;10;2016;13;02;35;51;0
647;E;2;11;10;2016;13;17;34;31;0
648;E;2;11;10;2016;13;17;34;27;0
649;E;2;11;10;2016;13;17;34;2;0
650;E;2;11;10;2016;13;17;34;42;0
651;E;2;11;10;2016;13;17;35;1;110
652;E;2;11;10;2016;13;17;35;42;77
653;E;2;11;10;2016;13;17;35;51;0
654;E;2;11;10;2016;13;21;40;34;0
655;E;2;11;10;2016;13;21;41;34;0
656;E;2;11;10;2016;13;26;32;34;0
657;E;2;11;10;2016;13;31;32;34;0
658;E;2;11;10;2016;13;32;34;31;0
659;E;2;11;10;2016;13;32;34;27;0
660;E;2;11;10;2016;13;32;34;2;0
661;E;2;11;10;2016;13;32;34;42;0
662;E;2;11;10;2016;13;32;35;1;110
663;E;2;11;10;2016;13;32;35;42;77
664;E;2;11;10;2016;13;32;35;51;0
665;E;2;11;10;2016;13;36;32;34;0
666;E;2;11;10;2016;13;41;34;34;0
667;E;2;11;10;2016;13;46;34;34;0
668;E;2;11;10;2016;13;47;34;31;0
669;E;2;11;10;2016;13;47;34;27;0
670;E;2;11;10;2016;13;47;34;2;0
671;E;2;11;10;2016;13;47;34;42;0
672;E;2;11;10;2016;13;47;35;1;110
673;E;2;11;10;2016;13;47;35;42;77
674;E;2;11;10;2016;13;47;35;51;0
675;E;2;11;10;2016;13;51;35;34;0
676;E;2;11;10;2016;13;56;37;34;0
677;E;2;11;10;2016;14;01;38;34;0
678;E;2;11;10;2016;14;03;38;20;110
679;E;2;11;10;2016;14;03;39;1;110
680;E;2;11;10;2016;14;03;39;42;77
681;E;2;11;10;2016;14;03;39;51;0
682;E;2;11;10;2016;14;03;42;34;0
683;E;2;11;10;2016;14;08;42;34;0
684;E;2;11;10;2016;14;13;42;34;0
685;E;2;11;10;2016;14;18;38;31;0
686;E;2;11;10;2016;14;18;38;27;0
687;E;2;11;10;2016;14;18;38;2;0
688;E;2;11;10;2016;14;18;38;42;0
689;E;2;11;10;2016;14;18;39;1;110
690;E;2;11;10;2016;14;18;39;42;77
691;E;2;11;10;2016;14;18;39;51;0
692;E;2;11;10;2016;14;18;42;34;0
693;E;2;11;10;2016;14;23;44;34;0
694;E;2;11;10;2016;14;28;44;34;0
695;E;2;11;10;2016;14;33;38;31;0
696;E;2;11;10;2016;14;33;38;27;0
697;E;2;11;10;2016;14;33;38;2;0
698;E;2;11;10;2016;14;33;38;42;0
699;E;2;11;10;2016;14;33;39;1;110
700;E;2;11;10;2016;14;33;39;42;77
701;E;2;11;10;2016;14;33;39;51;0
702;E;2;11;10;2016;14;33;46;34;0
703;E;2;11;10;2016;14;38;46;34;0
704;E;2;11;10;2016;14;43;48;34;0
705;E;2;11;10;2016;14;48;38;31;0
706;E;2;11;10;2016;14;48;38;27;0
707;E;2;11;10;2016;14;48;38;2;0
708;E;2;11;10;2016;14;48;38;42;0
709;E;2;11;10;2016;14;48;39;1;110
710;E;2;11;10;2016;14;48;39;42;77
711;E;2;11;10;2016;14;48;39;51;0
712;E;2;11;10;2016;14;48;48;34;0
713;E;2;11;10;2016;14;53;50;34;0
714;E;2;11;10;2016;14;58;50;34;0
715;E;2;11;10;2016;15;03;38;31;0
716;E;2;11;10;2016;15;03;38;27;0
717;E;2;11;10;2016;15;03;38;31;0
718;E;2;11;10;2016;15;03;38;8;0
719;E;2;11;10;2016;15;04;51;20;110
720;E;2;11;10;2016;15;04;52;1;110
721;E;2;11;10;2016;15;04;52;42;77
722;E;2;11;10;2016;15;04;53;51;0
723;E;2;11;10;2016;15;04;55;34;0
724;E;2;11;10;2016;15;09;55;34;0
725;E;2;11;10;2016;15;14;53;34;0
726;E;2;11;10;2016;15;19;51;31;0
727;E;2;11;10;2016;15;19;51;27;0
728;E;2;11;10;2016;15;19;51;2;0
729;E;2;11;10;2016;15;19;51;42;0
730;E;2;11;10;2016;15;19;52;1;110
731;E;2;11;10;2016;15;19;52;42;77
732;E;2;11;10;2016;15;19;52;51;0
733;E;2;11;10;2016;15;19;55;34;0
734;E;2;11;10;2016;15;24;56;34;0
735;E;2;11;10;2016;15;29;56;34;0
736;E;2;11;10;2016;15;34;51;31;0
737;E;2;11;10;2016;15;34;51;27;0
738;E;2;11;10;2016;15;34;51;2;0
739;E;2;11;10;2016;15;34;51;42;0
740;E;2;11;10;2016;15;34;52;1;110
741;E;2;11;10;2016;15;34;52;42;77
742;E;2;11;10;2016;15;34;52;51;0
743;E;2;11;10;2016;15;34;58;34;0
744;E;2;11;10;2016;15;39;58;34;0
745;E;2;11;10;2016;15;45;00;34;0
746;E;2;11;10;2016;15;49;51;31;0
747;E;2;11;10;2016;15;49;51;27;0
748;E;2;11;10;2016;15;49;51;2;0
749;E;2;11;10;2016;15;49;51;42;0
750;E;2;11;10;2016;15;49;52;1;110
751;E;2;11;10;2016;15;49;52;42;77
752;E;2;11;10;2016;15;49;52;51;0
753;E;2;11;10;2016;15;50;00;34;0
754;E;2;11;10;2016;15;55;02;34;0
755;E;2;11;10;2016;16;00;02;34;0
756;E;2;11;10;2016;16;04;51;31;0
757;E;2;11;10;2016;16;04;51;27;0
758;E;2;11;10;2016;16;04;51;31;0
759;E;2;11;10;2016;16;04;51;8;0
760;E;2;11;10;2016;16;05;59;20;110
761;E;2;11;10;2016;16;06;00;1;110
762;E;2;11;10;2016;16;06;00;42;77
763;E;2;11;10;2016;16;06;00;51;0
764;E;2;11;10;2016;16;06;03;34;0
765;E;2;11;10;2016;16;11;03;34;0
766;E;2;11;10;2016;16;16;01;34;0
767;E;2;11;10;2016;16;20;58;31;0
768;E;2;11;10;2016;16;20;58;27;0
769;E;2;11;10;2016;16;20;58;2;0
770;E;2;11;10;2016;16;20;58;42;0
771;E;2;11;10;2016;16;20;59;1;110
772;E;2;11;10;2016;16;20;59;42;77
773;E;2;11;10;2016;16;20;59;51;0
774;E;2;11;10;2016;16;21;02;34;0
775;E;2;11;10;2016;16;26;04;34;0
776;E;2;11;10;2016;16;31;04;34;0
777;E;2;11;10;2016;16;35;58;31;0
778;E;2;11;10;2016;16;35;58;27;0
779;E;2;11;10;2016;16;35;58;2;0
780;E;2;11;10;2016;16;35;58;42;0
781;E;2;11;10;2016;16;35;59;1;110
782;E;2;11;10;2016;16;35;59;42;77
783;E;2;11;10;2016;16;35;59;51;0
784;E;2;11;10;2016;16;36;06;34;0
785;E;2;11;10;2016;16;41;06;34;0
786;E;2;11;10;2016;16;46;08;34;0
787;E;2;11;10;2016;16;50;58;31;0
788;E;2;11;10;2016;16;50;58;27;0
789;E;2;11;10;2016;16;50;58;2;0
790;E;2;11;10;2016;16;50;58;42;0
791;E;2;11;10;2016;16;50;59;1;110
792;E;2;11;10;2016;16;50;59;42;77
793;E;2;11;10;2016;16;50;59;51;0
794;E;2;11;10;2016;16;51;08;34;0
795;E;2;11;10;2016;16;56;10;34;0
796;E;2;11;10;2016;17;01;10;34;0
797;E;2;11;10;2016;17;05;58;31;0
798;E;2;11;10;2016;17;05;58;27;0
799;E;2;11;10;2016;17;05;58;31;0
800;E;2;11;10;2016;17;05;58;8;0
801;E;2;11;10;2016;17;07;07;20;110
802;E;2;11;10;2016;17;07;08;1;110
803;E;2;11;10;2016;17;07;08;42;77
804;E;2;11;10;2016;17;07;08;51;0
805;E;2;11;10;2016;17;07;12;34;0
806;E;2;11;10;2016;17;12;10;34;0
807;E;2;11;10;2016;17;17;09;34;0
808;E;2;11;10;2016;17;22;07;31;0
809;E;2;11;10;2016;17;22;07;27;0
810;E;2;11;10;2016;17;22;07;2;0
811;E;2;11;10;2016;17;22;07;42;0
812;E;2;11;10;2016;17;22;08;1;110
813;E;2;11;10;2016;17;22;08;42;77
814;E;2;11;10;2016;17;22;08;51;0
815;E;2;11;10;2016;17;22;12;34;0
816;E;2;11;10;2016;17;27;11;34;0
817;E;2;11;10;2016;17;32;13;34;0
818;E;2;11;10;2016;17;37;07;31;0
819;E;2;11;10;2016;17;37;07;27;0
820;E;2;11;10;2016;17;37;07;2;0
821;E;2;11;10;2016;17;37;07;42;0
822;E;2;11;10;2016;17;37;08;1;110
823;E;2;11;10;2016;17;37;08;42;77
824;E;2;11;10;2016;17;37;08;51;0
825;E;2;11;10;2016;17;37;13;34;0
826;E;2;11;10;2016;17;42;15;34;0
827;E;2;11;10;2016;17;47;15;34;0
828;E;2;11;10;2016;17;52;07;31;0
829;E;2;11;10;2016;17;52;07;27;0
830;E;2;11;10;2016;17;52;07;2;0
831;E;2;11;10;2016;17;52;07;42;0
832;E;2;11;10;2016;17;52;08;1;110
833;E;2;11;10;2016;17;52;08;42;77
834;E;2;11;10;2016;17;52;08;51;0
835;E;2;11;10;2016;17;52;17;34;0
836;E;2;11;10;2016;17;57;17;34;0
837;E;2;11;10;2016;18;02;19;34;0
838;E;2;11;10;2016;18;07;07;31;0
839;E;2;11;10;2016;18;07;07;27;0
840;E;2;11;10;2016;18;07;07;31;0
841;E;2;11;10;2016;18;07;07;8;0
842;E;2;11;10;2016;18;08;13;20;110
843;E;2;11;10;2016;18;08;14;1;110
844;E;2;11;10;2016;18;08;14;42;77
845;E;2;11;10;2016;18;08;14;51;0
846;E;2;11;10;2016;18;08;17;34;0
847;E;2;11;10;2016;18;13;17;34;0
848;E;2;11;10;2016;18;18;17;34;0
849;E;2;11;10;2016;18;23;13;31;0
850;E;2;11;10;2016;18;23;13;27;0
851;E;2;11;10;2016;18;23;13;2;0
852;E;2;11;10;2016;18;23;13;42;0
853;E;2;11;10;2016;18;23;14;1;110
854;E;2;11;10;2016;18;23;14;42;77
855;E;2;11;10;2016;18;23;14;51;0
856;E;2;11;10;2016;18;23;17;34;0
857;E;2;11;10;2016;18;28;19;34;0
858;E;2;11;10;2016;18;33;19;34;0
859;E;2;11;10;2016;18;38;13;31;0
860;E;2;11;10;2016;18;38;13;27;0
861;E;2;11;10;2016;18;38;13;2;0
862;E;2;11;10;2016;18;38;13;42;0
863;E;2;11;10;2016;18;38;14;1;110
864;E;2;11;10;2016;18;38;14;42;77
865;E;2;11;10;2016;18;38;14;51;0
866;E;2;11;10;2016;18;38;21;34;0
867;E;2;11;10;2016;18;43;21;34;0
868;E;2;11;10;2016;18;48;23;34;0
869;E;2;11;10;2016;18;53;13;31;0
870;E;2;11;10;2016;18;53;13;27;0
871;E;2;11;10;2016;18;53;13;2;0
872;E;2;11;10;2016;18;53;13;42;0
873;E;2;11;10;2016;18;53;14;1;110
874;E;2;11;10;2016;18;53;14;42;77
875;E;2;11;10;2016;18;53;14;51;0
876;E;2;11;10;2016;18;53;23;34;0
877;E;2;11;10;2016;18;58;25;34;0
878;E;2;11;10;2016;19;03;25;34;0
879;E;2;11;10;2016;19;08;13;31;0
880;E;2;11;10;2016;19;08;13;27;0
881;E;2;11;10;2016;19;08;13;31;0
882;E;2;11;10;2016;19;08;13;8;0
883;E;2;11;10;2016;19;09;15;20;110
884;E;2;11;10;2016;19;09;16;1;110
885;E;2;11;10;2016;19;09;16;42;77
886;E;2;11;10;2016;19;09;16;51;0
887;E;2;11;10;2016;19;09;19;34;0
888;E;2;11;10;2016;19;14;19;34;0
889;E;2;11;10;2016;19;19;17;34;0
890;E;2;11;10;2016;19;24;15;31;0
891;E;2;11;10;2016;19;24;15;27;0
892;E;2;11;10;2016;19;24;15;2;0
893;E;2;11;10;2016;19;24;15;42;0
894;E;2;11;10;2016;19;24;16;1;110
895;E;2;11;10;2016;19;24;16;42;77
896;E;2;11;10;2016;19;24;16;51;0
897;E;2;11;10;2016;19;24;19;34;0
898;E;2;11;10;2016;19;29;20;34;0
899;E;2;11;10;2016;19;34;20;34;0
900;E;2;11;10;2016;19;39;15;31;0
901;E;2;11;10;2016;19;39;15;27;0
902;E;2;11;10;2016;19;39;15;2;0
903;E;2;11;10;2016;19;39;15;42;0
904;E;2;11;10;2016;19;39;16;1;110
905;E;2;11;10;2016;19;39;16;42;77
906;E;2;11;10;2016;19;39;16;51;0
907;E;2;11;10;2016;19;39;22;34;0
908;E;2;11;10;2016;19;44;22;34;0
909;E;2;11;10;2016;19;49;24;34;0
910;E;2;11;10;2016;19;54;15;31;0
911;E;2;11;10;2016;19;54;15;27;0
912;E;2;11;10;2016;19;54;15;2;0
913;E;2;11;10;2016;19;54;15;42;0
914;E;2;11;10;2016;19;54;16;1;110
915;E;2;11;10;2016;19;54;16;42;77
916;E;2;11;10;2016;19;54;16;51;0
917;E;2;11;10;2016;19;54;24;34;0
918;E;2;11;10;2016;19;59;26;34;0
919;E;2;11;10;2016;20;04;26;34;0
920;E;2;11;10;2016;20;09;15;31;0
921;E;2;11;10;2016;20;09;15;27;0
922;E;2;11;10;2016;20;09;15;31;0
923;E;2;11;10;2016;20;09;15;8;0
924;E;2;11;10;2016;20;10;28;20;110
925;E;2;11;10;2016;20;10;29;1;110
926;E;2;11;10;2016;20;10;29;42;77
927;E;2;11;10;2016;20;10;29;51;0
928;E;2;11;10;2016;20;10;33;34;0
929;E;2;11;10;2016;20;12;26;21;0
930;E;2;11;10;2016;20;12;29;20;110
931;E;2;11;10;2016;20;12;29;2;0
932;E;2;11;10;2016;20;12;29;42;0
933;E;2;11;10;2016;20;12;33;1;110
934;E;2;11;10;2016;20;12;33;42;77
935;E;2;11;10;2016;20;12;33;51;0
936;E;2;11;10;2016;20;12;35;34;0
937;E;2;11;10;2016;20;17;30;34;0
938;E;2;11;10;2016;20;22;32;34;0
939;E;2;11;10;2016;20;27;29;31;0
940;E;2;11;10;2016;20;27;29;27;0
941;E;2;11;10;2016;20;27;29;2;0
942;E;2;11;10;2016;20;27;29;42;0
943;E;2;11;10;2016;20;27;30;1;110
944;E;2;11;10;2016;20;27;30;42;77
945;E;2;11;10;2016;20;27;30;51;0
946;E;2;11;10;2016;20;27;33;34;0
947;E;2;11;10;2016;20;32;33;34;0
948;E;2;11;10;2016;20;37;35;34;0
949;E;2;11;10;2016;20;42;29;31;0
950;E;2;11;10;2016;20;42;29;27;0
951;E;2;11;10;2016;20;42;29;2;0
952;E;2;11;10;2016;20;42;29;42;0
953;E;2;11;10;2016;20;42;30;1;110
954;E;2;11;10;2016;20;42;30;42;77
955;E;2;11;10;2016;20;42;30;51;0
956;E;2;11;10;2016;20;42;35;34;0
957;E;2;11;10;2016;20;47;37;34;0
958;E;2;11;10;2016;20;52;37;34;0
959;E;2;11;10;2016;20;57;29;31;0
960;E;2;11;10;2016;20;57;29;27;0
961;E;2;11;10;2016;20;57;29;2;0
962;E;2;11;10;2016;20;57;29;42;0
963;E;2;11;10;2016;20;57;30;1;110
964;E;2;11;10;2016;20;57;30;42;77
965;E;2;11;10;2016;20;57;30;51;0
966;E;2;11;10;2016;20;57;39;34;0
967;E;2;11;10;2016;21;02;39;34;0
968;E;2;11;10;2016;21;07;41;34;0
969;E;2;11;10;2016;21;12;29;31;0
970;E;2;11;10;2016;21;12;29;27;0
971;E;2;11;10;2016;21;12;29;31;0
972;E;2;11;10;2016;21;12;29;8;0
973;E;2;11;10;2016;21;13;41;20;110
974;E;2;11;10;2016;21;13;42;1;110
975;E;2;11;10;2016;21;13;42;42;77
976;E;2;11;10;2016;21;13;43;51;0
977;E;2;11;10;2016;21;13;48;34;0
978;E;2;11;10;2016;21;18;45;34;0
979;E;2;11;10;2016;21;23;45;34;0
980;E;2;11;10;2016;21;28;41;31;0
981;E;2;11;10;2016;21;28;41;27;0
982;E;2;11;10;2016;21;28;41;2;0
983;E;2;11;10;2016;21;28;41;42;0
984;E;2;11;10;2016;21;28;42;1;110
985;E;2;11;10;2016;21;28;42;42;77
986;E;2;11;10;2016;21;28;42;51;0
987;E;2;11;10;2016;21;28;47;34;0
988;E;2;11;10;2016;21;33;47;34;0
989;E;2;11;10;2016;21;38;49;34;0
990;E;2;11;10;2016;21;43;41;31;0
991;E;2;11;10;2016;21;43;41;27;0
992;E;2;11;10;2016;21;43;41;2;0
993;E;2;11;10;2016;21;43;41;42;0
994;E;2;11;10;2016;21;43;42;1;110
995;E;2;11;10;2016;21;43;42;42;77
996;E;2;11;10;2016;21;43;42;51;0
997;E;2;11;10;2016;21;43;49;34;0
998;E;2;11;10;2016;21;48;51;34;0
999;E;2;11;10;2016;21;53;51;34;0
1000;E;2;11;10;2016;21;58;41;31;0
1001;E;2;11;10;2016;21;58;41;27;0
1002;E;2;11;10;2016;21;58;41;2;0
1003;E;2;11;10;2016;21;58;41;42;0
1004;E;2;11;10;2016;21;58;42;1;110
1005;E;2;11;10;2016;21;58;42;42;77
1006;E;2;11;10;2016;21;58;42;51;0
1007;E;2;11;10;2016;21;58;53;34;0
1008;E;2;11;10;2016;22;03;53;34;0
1009;E;2;11;10;2016;22;08;55;34;0
1010;E;2;11;10;2016;22;13;41;31;0
1011;E;2;11;10;2016;22;13;41;27;0
1012;E;2;11;10;2016;22;13;41;31;0
1013;E;2;11;10;2016;22;13;41;8;0
1014;E;2;11;10;2016;22;15;00;20;110
1015;E;2;11;10;2016;22;15;01;1;110
1016;E;2;11;10;2016;22;15;01;42;77
1017;E;2;11;10;2016;22;15;01;51;0
1018;E;2;11;10;2016;22;15;04;34;0
1019;E;2;11;10;2016;22;20;03;34;0
1020;E;2;11;10;2016;22;25;03;34;0
1021;E;2;11;10;2016;22;30;00;31;0
1022;E;2;11;10;2016;22;30;00;27;0
1023;E;2;11;10;2016;22;30;00;2;0
1024;E;2;11;10;2016;22;30;00;42;0
1025;E;2;11;10;2016;22;30;01;1;110
1026;E;2;11;10;2016;22;30;01;42;77
1027;E;2;11;10;2016;22;30;01;51;0
1028;E;2;11;10;2016;22;30;04;34;0
1029;E;2;11;10;2016;22;35;04;34;0
1030;E;2;11;10;2016;22;40;06;34;0
1031;E;2;11;10;2016;22;45;00;31;0
1032;E;2;11;10;2016;22;45;00;27;0
1033;E;2;11;10;2016;22;45;00;2;0
1034;E;2;11;10;2016;22;45;00;42;0
1035;E;2;11;10;2016;22;45;01;1;110
1036;E;2;11;10;2016;22;45;01;42;77
1037;E;2;11;10;2016;22;45;01;51;0
1038;E;2;11;10;2016;22;45;07;34;0
1039;E;2;11;10;2016;22;50;07;34;0
1040;E;2;11;10;2016;22;55;08;34;0
1041;E;2;11;10;2016;23;00;00;31;0
1042;E;2;11;10;2016;23;00;00;27;0
1043;E;2;11;10;2016;23;00;00;2;0
1044;E;2;11;10;2016;23;00;00;42;0
1045;E;2;11;10;2016;23;00;01;1;110
1046;E;2;11;10;2016;23;00;01;42;77
1047;E;2;11;10;2016;23;00;01;51;0
1048;E;2;11;10;2016;23;00;10;34;0
1049;E;2;11;10;2016;23;05;11;34;0
1050;E;2;11;10;2016;23;10;11;34;0
1051;E;2;11;10;2016;23;15;00;31;0
1052;E;2;11;10;2016;23;15;00;27;0
1053;E;2;11;10;2016;23;15;00;31;0
1054;E;2;11;10;2016;23;15;00;8;0
1055;E;2;11;10;2016;23;16;11;20;110
1056;E;2;11;10;2016;23;16;12;1;110
1057;E;2;11;10;2016;23;16;12;42;77
1058;E;2;11;10;2016;23;16;12;51;0
1059;E;2;11;10;2016;23;16;15;34;0
1060;E;2;11;10;2016;23;21;15;34;0
1061;E;2;11;10;2016;23;26;13;34;0
1062;E;2;11;10;2016;23;31;11;31;0
1063;E;2;11;10;2016;23;31;11;27;0
1064;E;2;11;10;2016;23;31;11;2;0
1065;E;2;11;10;2016;23;31;11;42;0
1066;E;2;11;10;2016;23;31;12;1;110
1067;E;2;11;10;2016;23;31;12;42;77
1068;E;2;11;10;2016;23;31;12;51;0
1069;E;2;11;10;2016;23;31;15;34;0
1070;E;2;11;10;2016;23;36;16;34;0
1071;E;2;11;10;2016;23;41;16;34;0
1072;E;2;11;10;2016;23;46;11;31;0
1073;E;2;11;10;2016;23;46;11;27;0
1074;E;2;11;10;2016;23;46;11;2;0
1075;E;2;11;10;2016;23;46;11;42;0
1076;E;2;11;10;2016;23;46;12;1;110
1077;E;2;11;10;2016;23;46;12;42;77
1078;E;2;11;10;2016;23;46;12;51;0
1079;E;2;11;10;2016;23;46;18;34;0
1080;E;2;11;10;2016;23;51;18;34;0
1081;E;2;11;10;2016;23;56;20;34;0
1082;E;2;12;10;2016;00;01;11;31;0
1083;E;2;12;10;2016;00;01;11;27;0
1084;E;2;12;10;2016;00;01;11;2;0
1085;E;2;12;10;2016;00;01;11;42;0
1086;E;2;12;10;2016;00;01;12;1;110
1087;E;2;12;10;2016;00;01;12;42;77
1088;E;2;12;10;2016;00;01;12;51;0
1089;E;2;12;10;2016;00;01;20;34;0
1090;E;2;12;10;2016;00;06;22;34;0
1091;E;2;12;10;2016;00;11;22;34;0
1092;E;2;12;10;2016;00;16;11;31;0
1093;E;2;12;10;2016;00;16;11;27;0
1094;E;2;12;10;2016;00;16;11;31;0
1095;E;2;12;10;2016;00;16;11;8;0
1096;E;2;12;10;2016;00;17;31;20;110
1097;E;2;12;10;2016;00;17;32;1;110
1098;E;2;12;10;2016;00;17;32;42;77
1099;E;2;12;10;2016;00;17;32;51;0
1100;E;2;12;10;2016;00;17;36;34;0
1101;E;2;12;10;2016;00;22;34;34;0
1102;E;2;12;10;2016;00;27;33;34;0
1103;E;2;12;10;2016;00;32;31;31;0
1104;E;2;12;10;2016;00;32;31;27;0
1105;E;2;12;10;2016;00;32;31;2;0
1106;E;2;12;10;2016;00;32;31;42;0
1107;E;2;12;10;2016;00;32;32;1;110
1108;E;2;12;10;2016;00;32;32;42;77
1109;E;2;12;10;2016;00;32;32;51;0
1110;E;2;12;10;2016;00;32;36;34;0
1111;E;2;12;10;2016;00;37;35;34;0
1112;E;2;12;10;2016;00;42;37;34;0
1113;E;2;12;10;2016;00;47;31;31;0
1114;E;2;12;10;2016;00;47;31;27;0
1115;E;2;12;10;2016;00;47;31;2;0
1116;E;2;12;10;2016;00;47;31;42;0
1117;E;2;12;10;2016;00;47;32;1;110
1118;E;2;12;10;2016;00;47;32;42;77
1119;E;2;12;10;2016;00;47;32;51;0
1120;E;2;12;10;2016;00;47;37;34;0
1121;E;2;12;10;2016;00;52;38;34;0
1122;E;2;12;10;2016;00;57;40;34;0
1123;E;2;12;10;2016;01;02;31;31;0
1124;E;2;12;10;2016;01;02;31;27;0
1125;E;2;12;10;2016;01;02;31;2;0
1126;E;2;12;10;2016;01;02;31;42;0
1127;E;2;12;10;2016;01;02;32;1;110
1128;E;2;12;10;2016;01;02;32;42;77
1129;E;2;12;10;2016;01;02;32;51;0
1130;E;2;12;10;2016;01;02;41;34;0
1131;E;2;12;10;2016;01;07;41;34;0
1132;E;2;12;10;2016;01;12;43;34;0
1133;E;2;12;10;2016;01;17;31;31;0
1134;E;2;12;10;2016;01;17;31;27;0
1135;E;2;12;10;2016;01;17;31;31;0
1136;E;2;12;10;2016;01;17;31;8;0
1137;E;2;12;10;2016;01;18;48;20;110
1138;E;2;12;10;2016;01;18;49;1;110
1139;E;2;12;10;2016;01;18;49;42;77
1140;E;2;12;10;2016;01;18;49;51;0
1141;E;2;12;10;2016;01;18;52;34;0
1142;E;2;12;10;2016;01;20;37;21;0
1143;E;2;12;10;2016;01;20;40;20;110
1144;E;2;12;10;2016;01;20;40;2;0
1145;E;2;12;10;2016;01;20;40;42;0
1146;E;2;12;10;2016;01;20;44;1;110
1147;E;2;12;10;2016;01;20;44;42;77
1148;E;2;12;10;2016;01;20;44;51;0
1149;E;2;12;10;2016;01;20;46;34;0
1150;E;2;12;10;2016;01;25;42;34;0
1151;E;2;12;10;2016;01;30;42;34;0
1152;E;2;12;10;2016;01;35;40;31;0
1153;E;2;12;10;2016;01;35;40;27;0
1154;E;2;12;10;2016;01;35;40;2;0
1155;E;2;12;10;2016;01;35;40;42;0
1156;E;2;12;10;2016;01;35;41;1;110
1157;E;2;12;10;2016;01;35;41;42;77
1158;E;2;12;10;2016;01;35;41;51;0
1159;E;2;12;10;2016;01;35;44;34;0
1160;E;2;12;10;2016;01;40;45;34;0
1161;E;2;12;10;2016;01;45;45;34;0
1162;E;2;12;10;2016;01;50;40;31;0
1163;E;2;12;10;2016;01;50;40;27;0
1164;E;2;12;10;2016;01;50;40;2;0
1165;E;2;12;10;2016;01;50;40;42;0
1166;E;2;12;10;2016;01;50;41;1;110
1167;E;2;12;10;2016;01;50;41;42;77
1168;E;2;12;10;2016;01;50;41;51;0
1169;E;2;12;10;2016;01;50;47;34;0
1170;E;2;12;10;2016;01;55;47;34;0
1171;E;2;12;10;2016;02;00;49;34;0
1172;E;2;12;10;2016;02;05;40;31;0
1173;E;2;12;10;2016;02;05;40;27;0
1174;E;2;12;10;2016;02;05;40;2;0
1175;E;2;12;10;2016;02;05;40;42;0
1176;E;2;12;10;2016;02;05;41;1;110
1177;E;2;12;10;2016;02;05;41;42;77
1178;E;2;12;10;2016;02;05;41;51;0
1179;E;2;12;10;2016;02;05;49;34;0
1180;E;2;12;10;2016;02;10;51;34;0
1181;E;2;12;10;2016;02;15;51;34;0
1182;E;2;12;10;2016;02;20;40;31;0
1183;E;2;12;10;2016;02;20;40;27;0
1184;E;2;12;10;2016;02;20;40;31;0
1185;E;2;12;10;2016;02;20;40;8;0
1186;E;2;12;10;2016;02;21;47;20;110
1187;E;2;12;10;2016;02;21;47;1;110
1188;E;2;12;10;2016;02;21;47;42;77
1189;E;2;12;10;2016;02;21;47;51;0
1190;E;2;12;10;2016;02;21;51;34;0
1191;E;2;12;10;2016;02;26;50;34;0
1192;E;2;12;10;2016;02;31;49;34;0
1193;E;2;12;10;2016;02;36;46;31;0
1194;E;2;12;10;2016;02;36;46;27;0
1195;E;2;12;10;2016;02;36;46;2;0
1196;E;2;12;10;2016;02;36;46;42;0
1197;E;2;12;10;2016;02;36;47;1;110
1198;E;2;12;10;2016;02;36;47;42;77
1199;E;2;12;10;2016;02;36;47;51;0
1200;E;2;12;10;2016;02;36;51;34;0
1201;E;2;12;10;2016;02;41;51;34;0
1202;E;2;12;10;2016;02;46;53;34;0
1203;E;2;12;10;2016;02;51;46;31;0
1204;E;2;12;10;2016;02;51;46;27;0
1205;E;2;12;10;2016;02;51;46;2;0
1206;E;2;12;10;2016;02;51;46;42;0
1207;E;2;12;10;2016;02;51;47;1;110
1208;E;2;12;10;2016;02;51;47;42;77
1209;E;2;12;10;2016;02;51;47;51;0
1210;E;2;12;10;2016;02;51;53;34;0
1211;E;2;12;10;2016;02;56;55;34;0
1212;E;2;12;10;2016;03;01;55;34;0
1213;E;2;12;10;2016;03;06;46;31;0
1214;E;2;12;10;2016;03;06;46;27;0
1215;E;2;12;10;2016;03;06;46;2;0
1216;E;2;12;10;2016;03;06;46;42;0
1217;E;2;12;10;2016;03;06;47;1;110
1218;E;2;12;10;2016;03;06;47;42;77
1219;E;2;12;10;2016;03;06;47;51;0
1220;E;2;12;10;2016;03;06;57;34;0
1221;E;2;12;10;2016;03;11;57;34;0
1222;E;2;12;10;2016;03;16;59;34;0
1223;E;2;12;10;2016;03;21;46;31;0
1224;E;2;12;10;2016;03;21;46;27;0
1225;E;2;12;10;2016;03;21;46;31;0
1226;E;2;12;10;2016;03;21;46;8;0
1227;E;2;12;10;2016;03;22;53;20;110
1228;E;2;12;10;2016;03;22;54;1;110
1229;E;2;12;10;2016;03;22;54;42;77
1230;E;2;12;10;2016;03;22;54;51;0
1231;E;2;12;10;2016;03;22;57;34;0
1232;E;2;12;10;2016;03;27;56;34;0
1233;E;2;12;10;2016;03;32;56;34;0
1234;E;2;12;10;2016;03;37;53;31;0
1235;E;2;12;10;2016;03;37;53;27;0
1236;E;2;12;10;2016;03;37;53;2;0
1237;E;2;12;10;2016;03;37;53;42;0
1238;E;2;12;10;2016;03;37;54;1;110
1239;E;2;12;10;2016;03;37;54;42;77
1240;E;2;12;10;2016;03;37;54;51;0
1241;E;2;12;10;2016;03;37;57;34;0
1242;E;2;12;10;2016;03;42;58;34;0
1243;E;2;12;10;2016;03;47;58;34;0
1244;E;2;12;10;2016;03;52;53;31;0
1245;E;2;12;10;2016;03;52;53;27;0
1246;E;2;12;10;2016;03;52;53;2;0
1247;E;2;12;10;2016;03;52;53;42;0
1248;E;2;12;10;2016;03;52;54;1;110
1249;E;2;12;10;2016;03;52;54;42;77
1250;E;2;12;10;2016;03;52;54;51;0
1251;E;2;12;10;2016;03;53;00;34;0
1252;E;2;12;10;2016;03;58;00;34;0
1253;E;2;12;10;2016;04;03;02;34;0
1254;E;2;12;10;2016;04;07;53;31;0
1255;E;2;12;10;2016;04;07;53;27;0
1256;E;2;12;10;2016;04;07;53;2;0
1257;E;2;12;10;2016;04;07;53;42;0
1258;E;2;12;10;2016;04;07;54;1;110
1259;E;2;12;10;2016;04;07;54;42;77
1260;E;2;12;10;2016;04;07;54;51;0
1261;E;2;12;10;2016;04;08;02;34;0
1262;E;2;12;10;2016;04;13;04;34;0
1263;E;2;12;10;2016;04;18;04;34;0
1264;E;2;12;10;2016;04;22;53;31;0
1265;E;2;12;10;2016;04;22;53;27;0
1266;E;2;12;10;2016;04;22;53;31;0
1267;E;2;12;10;2016;04;22;53;8;0
1268;E;2;12;10;2016;04;24;00;20;110
1269;E;2;12;10;2016;04;24;01;1;110
1270;E;2;12;10;2016;04;24;01;42;77
1271;E;2;12;10;2016;04;24;01;51;0
1272;E;2;12;10;2016;04;24;04;34;0
1273;E;2;12;10;2016;04;29;03;34;0
1274;E;2;12;10;2016;04;34;03;34;0
1275;E;2;12;10;2016;04;39;00;31;0
1276;E;2;12;10;2016;04;39;00;27;0
1277;E;2;12;10;2016;04;39;00;2;0
1278;E;2;12;10;2016;04;39;00;42;0
1279;E;2;12;10;2016;04;39;01;1;110
1280;E;2;12;10;2016;04;39;01;42;77
1281;E;2;12;10;2016;04;39;01;51;0
1282;E;2;12;10;2016;04;39;04;34;0
1283;E;2;12;10;2016;04;44;04;34;0
1284;E;2;12;10;2016;04;49;06;34;0
1285;E;2;12;10;2016;04;54;00;31;0
1286;E;2;12;10;2016;04;54;00;27;0
1287;E;2;12;10;2016;04;54;00;2;0
1288;E;2;12;10;2016;04;54;00;42;0
1289;E;2;12;10;2016;04;54;01;1;110
1290;E;2;12;10;2016;04;54;01;42;77
1291;E;2;12;10;2016;04;54;01;51;0
1292;E;2;12;10;2016;04;54;06;34;0
1293;E;2;12;10;2016;04;59;08;34;0
1294;E;2;12;10;2016;05;04;08;34;0
1295;E;2;12;10;2016;05;09;00;31;0
1296;E;2;12;10;2016;05;09;00;27;0
1297;E;2;12;10;2016;05;09;00;2;0
1298;E;2;12;10;2016;05;09;00;42;0
1299;E;2;12;10;2016;05;09;01;1;110
1300;E;2;12;10;2016;05;09;01;42;77
1301;E;2;12;10;2016;05;09;01;51;0
1302;E;2;12;10;2016;05;09;10;34;0
1303;E;2;12;10;2016;05;14;10;34;0
1304;E;2;12;10;2016;05;19;12;34;0
1305;E;2;12;10;2016;05;24;00;31;0
1306;E;2;12;10;2016;05;24;00;27;0
1307;E;2;12;10;2016;05;24;00;31;0
1308;E;2;12;10;2016;05;24;00;8;0
1309;E;2;12;10;2016;05;25;06;20;110
1310;E;2;12;10;2016;05;25;07;1;110
1311;E;2;12;10;2016;05;25;07;42;77
1312;E;2;12;10;2016;05;25;07;51;0
1313;E;2;12;10;2016;05;25;10;34;0
1314;E;2;12;10;2016;05;30;09;34;0
1315;E;2;12;10;2016;05;35;09;34;0
1316;E;2;12;10;2016;05;40;06;31;0
1317;E;2;12;10;2016;05;40;06;27;0
1318;E;2;12;10;2016;05;40;06;2;0
1319;E;2;12;10;2016;05;40;06;42;0
1320;E;2;12;10;2016;05;40;07;1;110
1321;E;2;12;10;2016;05;40;07;42;77
1322;E;2;12;10;2016;05;40;07;51;0
1323;E;2;12;10;2016;05;40;10;34;0
1324;E;2;12;10;2016;05;45;10;34;0
1325;E;2;12;10;2016;05;50;12;34;0
1326;E;2;12;10;2016;05;55;06;31;0
1327;E;2;12;10;2016;05;55;06;27;0
1328;E;2;12;10;2016;05;55;06;2;0
1329;E;2;12;10;2016;05;55;06;42;0
1330;E;2;12;10;2016;05;55;07;1;110
1331;E;2;12;10;2016;05;55;07;42;77
1332;E;2;12;10;2016;05;55;07;51;0
1333;E;2;12;10;2016;05;55;12;34;0
1334;E;2;12;10;2016;06;00;14;34;0
1335;E;2;12;10;2016;06;05;14;34;0
1336;E;2;12;10;2016;06;10;06;31;0
1337;E;2;12;10;2016;06;10;06;27;0
1338;E;2;12;10;2016;06;10;06;2;0
1339;E;2;12;10;2016;06;10;06;42;0
1340;E;2;12;10;2016;06;10;07;1;110
1341;E;2;12;10;2016;06;10;07;42;77
1342;E;2;12;10;2016;06;10;07;51;0
1343;E;2;12;10;2016;06;10;16;34;0
1344;E;2;12;10;2016;06;15;16;34;0
1345;E;2;12;10;2016;06;20;18;34;0
1346;E;2;12;10;2016;06;25;06;31;0
1347;E;2;12;10;2016;06;25;06;27;0
1348;E;2;12;10;2016;06;25;06;31;0
1349;E;2;12;10;2016;06;25;06;8;0
1350;E;2;12;10;2016;06;26;16;20;110
1351;E;2;12;10;2016;06;26;17;1;110
1352;E;2;12;10;2016;06;26;17;42;77
1353;E;2;12;10;2016;06;26;17;51;0
1354;E;2;12;10;2016;06;26;19;34;0
1355;E;2;12;10;2016;06;31;19;34;0
1356;E;2;12;10;2016;06;36;19;34;0
1357;E;2;12;10;2016;06;41;15;31;0
1358;E;2;12;10;2016;06;41;15;27;0
1359;E;2;12;10;2016;06;41;15;2;0
1360;E;2;12;10;2016;06;41;15;42;0
1361;E;2;12;10;2016;06;41;16;1;110
1362;E;2;12;10;2016;06;41;16;42;77
1363;E;2;12;10;2016;06;41;16;51;0
1364;E;2;12;10;2016;06;41;19;34;0
1365;E;2;12;10;2016;06;46;21;34;0
1366;E;2;12;10;2016;06;51;21;34;0
1367;E;2;12;10;2016;06;56;15;31;0
1368;E;2;12;10;2016;06;56;15;27;0
1369;E;2;12;10;2016;06;56;15;2;0
1370;E;2;12;10;2016;06;56;15;42;0
1371;E;2;12;10;2016;06;56;16;1;110
1372;E;2;12;10;2016;06;56;16;42;77
1373;E;2;12;10;2016;06;56;16;51;0
1374;E;2;12;10;2016;06;56;23;34;0
1375;E;2;12;10;2016;07;01;23;34;0
1376;E;2;12;10;2016;07;06;24;34;0
1377;E;2;12;10;2016;07;11;15;31;0
1378;E;2;12;10;2016;07;11;15;27;0
1379;E;2;12;10;2016;07;11;15;2;0
1380;E;2;12;10;2016;07;11;15;42;0
1381;E;2;12;10;2016;07;11;16;1;110
1382;E;2;12;10;2016;07;11;16;42;77
1383;E;2;12;10;2016;07;11;16;51;0
1384;E;2;12;10;2016;07;11;26;34;0
1385;E;2;12;10;2016;07;16;27;34;0
1386;E;2;12;10;2016;07;21;27;34;0
1387;E;2;12;10;2016;07;26;15;31;0
1388;E;2;12;10;2016;07;26;15;27;0
1389;E;2;12;10;2016;07;26;15;31;0
1390;E;2;12;10;2016;07;26;15;8;0
1391;E;2;12;10;2016;07;27;18;20;110
1392;E;2;12;10;2016;07;27;19;1;110
1393;E;2;12;10;2016;07;27;19;42;77
1394;E;2;12;10;2016;07;27;19;51;0
1395;E;2;12;10;2016;07;27;22;34;0
1396;E;2;12;10;2016;07;32;21;34;0
1397;E;2;12;10;2016;07;37;20;34;0
1398;E;2;12;10;2016;07;42;17;31;0
1399;E;2;12;10;2016;07;42;17;27;0
1400;E;2;12;10;2016;07;42;17;2;0
1401;E;2;12;10;2016;07;42;17;42;0
1402;E;2;12;10;2016;07;42;18;1;110
1403;E;2;12;10;2016;07;42;18;42;77
1404;E;2;12;10;2016;07;42;18;51;0
1405;E;2;12;10;2016;07;42;22;34;0
1406;E;2;12;10;2016;07;47;22;34;0
1407;E;2;12;10;2016;07;52;24;34;0
1408;E;2;12;10;2016;07;57;17;31;0
1409;E;2;12;10;2016;07;57;17;27;0
1410;E;2;12;10;2016;07;57;17;2;0
1411;E;2;12;10;2016;07;57;17;42;0
1412;E;2;12;10;2016;07;57;18;1;110
1413;E;2;12;10;2016;07;57;18;42;77
1414;E;2;12;10;2016;07;57;18;51;0
1415;E;2;12;10;2016;07;57;24;34;0
1416;E;2;12;10;2016;08;02;26;34;0
1417;E;2;12;10;2016;08;07;26;34;0
1418;E;2;12;10;2016;08;12;17;31;0
1419;E;2;12;10;2016;08;12;17;27;0
1420;E;2;12;10;2016;08;12;17;2;0
1421;E;2;12;10;2016;08;12;17;42;0
1422;E;2;12;10;2016;08;12;18;1;110
1423;E;2;12;10;2016;08;12;18;42;77
1424;E;2;12;10;2016;08;12;18;51;0
1425;E;2;12;10;2016;08;12;28;34;0
1426;E;2;12;10;2016;08;17;28;34;0
1427;E;2;12;10;2016;08;22;30;34;0
1428;E;2;12;10;2016;08;27;17;31;0
1429;E;2;12;10;2016;08;27;17;27;0
1430;E;2;12;10;2016;08;27;17;31;0
1431;E;2;12;10;2016;08;27;17;8;0
1432;E;2;12;10;2016;08;28;25;20;110
1433;E;2;12;10;2016;08;28;26;1;110
1434;E;2;12;10;2016;08;28;26;42;77
1435;E;2;12;10;2016;08;28;26;51;0
1436;E;2;12;10;2016;08;28;29;34;0
1437;E;2;12;10;2016;08;33;28;34;0
1438;E;2;12;10;2016;08;38;27;34;0
1439;E;2;12;10;2016;08;43;25;31;0
1440;E;2;12;10;2016;08;43;25;27;0
1441;E;2;12;10;2016;08;43;25;2;0
1442;E;2;12;10;2016;08;43;25;42;0
1443;E;2;12;10;2016;08;43;26;1;110
1444;E;2;12;10;2016;08;43;26;42;77
1445;E;2;12;10;2016;08;43;26;51;0
1446;E;2;12;10;2016;08;43;30;34;0
1447;E;2;12;10;2016;08;48;29;34;0
1448;E;2;12;10;2016;08;53;30;34;0
1449;E;2;12;10;2016;08;54;18;22;9
1450;E;2;12;10;2016;08;54;30;22;9
1451;E;2;12;10;2016;08;58;25;31;0
1452;E;2;12;10;2016;08;58;25;27;0
1453;E;2;12;10;2016;08;58;25;2;0
1454;E;2;12;10;2016;08;58;25;42;0
1455;E;2;12;10;2016;08;58;26;1;110
1456;E;2;12;10;2016;08;58;26;42;77
1457;E;2;12;10;2016;08;58;26;51;0
1458;E;2;12;10;2016;08;58;32;34;0
1459;E;2;12;10;2016;09;03;32;34;0
1460;E;2;12;10;2016;09;05;10;22;9
1461;E;2;12;10;2016;09;08;34;34;0
1462;E;2;12;10;2016;09;13;25;31;0
1463;E;2;12;10;2016;09;13;25;27;0
1464;E;2;12;10;2016;09;13;25;2;0
1465;E;2;12;10;2016;09;13;25;42;0
1466;E;2;12;10;2016;09;13;26;1;110
1467;E;2;12;10;2016;09;13;26;42;77
1468;E;2;12;10;2016;09;13;26;51;0
1469;E;2;12;10;2016;09;13;34;34;0
1470;E;2;12;10;2016;09;18;36;34;0
1471;E;2;12;10;2016;09;23;36;34;0
1472;E;2;12;10;2016;09;28;25;31;0
1473;E;2;12;10;2016;09;28;25;27;0
1474;E;2;12;10;2016;09;28;25;31;0
1475;E;2;12;10;2016;09;28;25;8;0
